27 27
0.001372 0.001372 0.001372 0.001372 0.001372 0.001372 0.001372 0.001372 0.001372 0.001372 0.001372 0.001372 0.001372 0.001372 0.001372 0.001372 0.001372 0.001372 0.001372 0.001372 0.001372 0.001372 0.001372 0.001372 0.001372 0.001372 0.001372
0.001372 0.001372 0.001372 0.001372 0.001372 0.001372 0.001372 0.001372 0.001372 0.001372 0.001372 0.001372 0.001372 0.001372 0.001372 0.001372 0.001372 0.001372 0.001372 0.001372 0.001372 0.001372 0.001372 0.001372 0.001372 0.001372 0.001372
0.001372 0.001372 0.001372 0.001372 0.001372 0.001372 0.001372 0.001372 0.001372 0.001372 0.001372 0.001372 0.001372 0.001372 0.001372 0.001372 0.001372 0.001372 0.001372 0.001372 0.001372 0.001372 0.001372 0.001372 0.001372 0.001372 0.001372
0.001372 0.001372 0.001372 0.001372 0.001372 0.001372 0.001372 0.001372 0.001372 0.001372 0.001372 0.001372 0.001372 0.001372 0.001372 0.001372 0.001372 0.001372 0.001372 0.001372 0.001372 0.001372 0.001372 0.001372 0.001372 0.001372 0.001372
0.001372 0.001372 0.001372 0.001372 0.001372 0.001372 0.001372 0.001372 0.001372 0.001372 0.001372 0.001372 0.001372 0.001372 0.001372 0.001372 0.001372 0.001372 0.001372 0.001372 0.001372 0.001372 0.001372 0.001372 0.001372 0.001372 0.001372
0.001372 0.001372 0.001372 0.001372 0.001372 0.001372 0.001372 0.001372 0.001372 0.001372 0.001372 0.001372 0.001372 0.001372 0.001372 0.001372 0.001372 0.001372 0.001372 0.001372 0.001372 0.001372 0.001372 0.001372 0.001372 0.001372 0.001372
0.001372 0.001372 0.001372 0.001372 0.001372 0.001372 0.001372 0.001372 0.001372 0.001372 0.001372 0.001372 0.001372 0.001372 0.001372 0.001372 0.001372 0.001372 0.001372 0.001372 0.001372 0.001372 0.001372 0.001372 0.001372 0.001372 0.001372
0.001372 0.001372 0.001372 0.001372 0.001372 0.001372 0.001372 0.001372 0.001372 0.001372 0.001372 0.001372 0.001372 0.001372 0.001372 0.001372 0.001372 0.001372 0.001372 0.001372 0.001372 0.001372 0.001372 0.001372 0.001372 0.001372 0.001372
0.001372 0.001372 0.001372 0.001372 0.001372 0.001372 0.001372 0.001372 0.001372 0.001372 0.001372 0.001372 0.001372 0.001372 0.001372 0.001372 0.001372 0.001372 0.001372 0.001372 0.001372 0.001372 0.001372 0.001372 0.001372 0.001372 0.001372
0.001372 0.001372 0.001372 0.001372 0.001372 0.001372 0.001372 0.001372 0.001372 0.001372 0.001372 0.001372 0.001372 0.001372 0.001372 0.001372 0.001372 0.001372 0.001372 0.001372 0.001372 0.001372 0.001372 0.001372 0.001372 0.001372 0.001372
0.001372 0.001372 0.001372 0.001372 0.001372 0.001372 0.001372 0.001372 0.001372 0.001372 0.001372 0.001372 0.001372 0.001372 0.001372 0.001372 0.001372 0.001372 0.001372 0.001372 0.001372 0.001372 0.001372 0.001372 0.001372 0.001372 0.001372
0.001372 0.001372 0.001372 0.001372 0.001372 0.001372 0.001372 0.001372 0.001372 0.001372 0.001372 0.001372 0.001372 0.001372 0.001372 0.001372 0.001372 0.001372 0.001372 0.001372 0.001372 0.001372 0.001372 0.001372 0.001372 0.001372 0.001372
0.001372 0.001372 0.001372 0.001372 0.001372 0.001372 0.001372 0.001372 0.001372 0.001372 0.001372 0.001372 0.001372 0.001372 0.001372 0.001372 0.001372 0.001372 0.001372 0.001372 0.001372 0.001372 0.001372 0.001372 0.001372 0.001372 0.001372
0.001372 0.001372 0.001372 0.001372 0.001372 0.001372 0.001372 0.001372 0.001372 0.001372 0.001372 0.001372 0.001372 0.001372 0.001372 0.001372 0.001372 0.001372 0.001372 0.001372 0.001372 0.001372 0.001372 0.001372 0.001372 0.001372 0.001372
0.001372 0.001372 0.001372 0.001372 0.001372 0.001372 0.001372 0.001372 0.001372 0.001372 0.001372 0.001372 0.001372 0.001372 0.001372 0.001372 0.001372 0.001372 0.001372 0.001372 0.001372 0.001372 0.001372 0.001372 0.001372 0.001372 0.001372
0.001372 0.001372 0.001372 0.001372 0.001372 0.001372 0.001372 0.001372 0.001372 0.001372 0.001372 0.001372 0.001372 0.001372 0.001372 0.001372 0.001372 0.001372 0.001372 0.001372 0.001372 0.001372 0.001372 0.001372 0.001372 0.001372 0.001372
0.001372 0.001372 0.001372 0.001372 0.001372 0.001372 0.001372 0.001372 0.001372 0.001372 0.001372 0.001372 0.001372 0.001372 0.001372 0.001372 0.001372 0.001372 0.001372 0.001372 0.001372 0.001372 0.001372 0.001372 0.001372 0.001372 0.001372
0.001372 0.001372 0.001372 0.001372 0.001372 0.001372 0.001372 0.001372 0.001372 0.001372 0.001372 0.001372 0.001372 0.001372 0.001372 0.001372 0.001372 0.001372 0.001372 0.001372 0.001372 0.001372 0.001372 0.001372 0.001372 0.001372 0.001372
0.001372 0.001372 0.001372 0.001372 0.001372 0.001372 0.001372 0.001372 0.001372 0.001372 0.001372 0.001372 0.001372 0.001372 0.001372 0.001372 0.001372 0.001372 0.001372 0.001372 0.001372 0.001372 0.001372 0.001372 0.001372 0.001372 0.001372
0.001372 0.001372 0.001372 0.001372 0.001372 0.001372 0.001372 0.001372 0.001372 0.001372 0.001372 0.001372 0.001372 0.001372 0.001372 0.001372 0.001372 0.001372 0.001372 0.001372 0.001372 0.001372 0.001372 0.001372 0.001372 0.001372 0.001372
0.001372 0.001372 0.001372 0.001372 0.001372 0.001372 0.001372 0.001372 0.001372 0.001372 0.001372 0.001372 0.001372 0.001372 0.001372 0.001372 0.001372 0.001372 0.001372 0.001372 0.001372 0.001372 0.001372 0.001372 0.001372 0.001372 0.001372
0.001372 0.001372 0.001372 0.001372 0.001372 0.001372 0.001372 0.001372 0.001372 0.001372 0.001372 0.001372 0.001372 0.001372 0.001372 0.001372 0.001372 0.001372 0.001372 0.001372 0.001372 0.001372 0.001372 0.001372 0.001372 0.001372 0.001372
0.001372 0.001372 0.001372 0.001372 0.001372 0.001372 0.001372 0.001372 0.001372 0.001372 0.001372 0.001372 0.001372 0.001372 0.001372 0.001372 0.001372 0.001372 0.001372 0.001372 0.001372 0.001372 0.001372 0.001372 0.001372 0.001372 0.001372
0.001372 0.001372 0.001372 0.001372 0.001372 0.001372 0.001372 0.001372 0.001372 0.001372 0.001372 0.001372 0.001372 0.001372 0.001372 0.001372 0.001372 0.001372 0.001372 0.001372 0.001372 0.001372 0.001372 0.001372 0.001372 0.001372 0.001372
0.001372 0.001372 0.001372 0.001372 0.001372 0.001372 0.001372 0.001372 0.001372 0.001372 0.001372 0.001372 0.001372 0.001372 0.001372 0.001372 0.001372 0.001372 0.001372 0.001372 0.001372 0.001372 0.001372 0.001372 0.001372 0.001372 0.001372
0.001372 0.001372 0.001372 0.001372 0.001372 0.001372 0.001372 0.001372 0.001372 0.001372 0.001372 0.001372 0.001372 0.001372 0.001372 0.001372 0.001372 0.001372 0.001372 0.001372 0.001372 0.001372 0.001372 0.001372 0.001372 0.001372 0.001372
0.001372 0.001372 0.001372 0.001372 0.001372 0.001372 0.001372 0.001372 0.001372 0.001372 0.001372 0.001372 0.001372 0.001372 0.001372 0.001372 0.001372 0.001372 0.001372 0.001372 0.001372 0.001372 0.001372 0.001372 0.001372 0.001372 0.001372
